u*	y*	Downstream
1.029	-1.7	1.2
1.019	-1.575	1.2
1.026	-1.425	1.2
1.032	-1.3	1.2
1.038	-1.15	1.2
1.042	-1	1.2
1.035	-0.85	1.2
1.037	-0.715	1.2
1.002	-0.575	1.2
0.698	-0.5	1.2
0.602	-0.425	1.2
0.517	-0.275	1.2
0.572	-0.15	1.2
0.503	0	1.2
0.493	0.15	1.2
0.499	0.275	1.2
0.629	0.425	1.2
0.687	0.5	1.2
1.011	0.575	1.2
1.034	0.715	1.2
1.038	0.85	1.2
1.036	1	1.2
1.032	1.15	1.2
1.048	1.3	1.2
1.047	1.425	1.2
1.036	1.575	1.2
1.051	1.7	1.2
1.039	-1.7	2
1.022	-1.575	2
1.032	-1.425	2
1.026	-1.3	2
1.031	-1.15	2
1.05	-1	2
1.04	-0.85	2
1.039	-0.715	2
0.93	-0.575	2
0.714	-0.5	2
0.592	-0.425	2
0.511	-0.275	2
0.478	-0.15	2
0.504	0	2
0.546	0.15	2
0.471	0.275	2
0.628	0.425	2
0.725	0.5	2
0.951	0.575	2
1.041	0.715	2
1.021	0.85	2
1.042	1	2
1.03	1.15	2
1.046	1.3	2
1.053	1.425	2
1.055	1.575	2
1.062	1.7	2
1.034	-1.7	3
1.036	-1.575	3
1.026	-1.425	3
1.026	-1.3	3
1.035	-1.15	3
1.042	-1	3
1.029	-0.85	3
1.021	-0.715	3
0.902	-0.575	3
0.784	-0.5	3
0.628	-0.425	3
0.52	-0.275	3
0.498	-0.15	3
0.495	0	3
0.488	0.15	3
0.512	0.275	3
0.66	0.425	3
0.799	0.5	3
0.95	0.575	3
1.043	0.715	3
1.041	0.85	3
1.037	1	3
1.03	1.15	3
1.043	1.3	3
1.057	1.425	3
1.04	1.575	3
1.074	1.7	3
1.026	-1.7	4
1.039	-1.575	4
1.042	-1.425	4
1.034	-1.3	4
1.038	-1.15	4
1.048	-1	4
1.03	-0.85	4
1.019	-0.715	4
0.905	-0.575	4
0.808	-0.5	4
0.708	-0.425	4
0.569	-0.275	4
0.52	-0.15	4
0.482	0	4
0.475	0.15	4
0.54	0.275	4
0.7	0.425	4
0.824	0.5	4
0.935	0.575	4
1.028	0.715	4
1.039	0.85	4
1.036	1	4
1.04	1.15	4
1.052	1.3	4
1.05	1.425	4
1.053	1.575	4
1.041	1.7	4
1.04	-1.7	5
1.029	-1.575	5
1.032	-1.425	5
1.028	-1.3	5
1.031	-1.15	5
1.046	-1	5
1.041	-0.85	5
1.014	-0.715	5
0.889	-0.575	5
0.823	-0.5	5
0.735	-0.425	5
0.625	-0.275	5
0.554	-0.15	5
0.503	0	5
0.504	0.15	5
0.602	0.275	5
0.745	0.425	5
0.813	0.5	5
0.92	0.575	5
1.009	0.715	5
1.033	0.85	5
1.023	1	5
1.035	1.15	5
1.051	1.3	5
1.054	1.425	5
1.04	1.575	5
1.055	1.7	5
1.041	-1.7	6
1.026	-1.575	6
1.029	-1.425	6
1.026	-1.3	6
1.032	-1.15	6
1.038	-1	6
1.03	-0.85	6
0.988	-0.715	6
0.886	-0.575	6
0.829	-0.5	6
0.754	-0.425	6
0.676	-0.275	6
0.602	-0.15	6
0.556	0	6
0.535	0.15	6
0.636	0.275	6
0.753	0.425	6
0.815	0.5	6
0.894	0.575	6
0.997	0.715	6
1.025	0.85	6
1.022	1	6
1.023	1.15	6
1.047	1.3	6
1.05	1.425	6
1.037	1.575	6
1.051	1.7	6
1.04	-1.7	7
1.024	-1.575	7
1.042	-1.425	7
1.025	-1.3	7
1.025	-1.15	7
1.039	-1	7
1.025	-0.85	7
0.967	-0.715	7
0.882	-0.575	7
0.849	-0.5	7
0.802	-0.425	7
0.731	-0.275	7
0.663	-0.15	7
0.617	0	7
0.608	0.15	7
0.665	0.275	7
0.763	0.425	7
0.818	0.5	7
0.894	0.575	7
0.981	0.715	7
1.019	0.85	7
1.027	1	7
1.026	1.15	7
1.03	1.3	7
1.04	1.425	7
1.037	1.575	7
1.047	1.7	7
1.032	-1.7	8
1.031	-1.575	8
1.029	-1.425	8
1.031	-1.3	8
1.033	-1.15	8
1.035	-1	8
1.008	-0.85	8
0.966	-0.715	8
0.885	-0.575	8
0.878	-0.5	8
0.811	-0.425	8
0.761	-0.275	8
0.719	-0.15	8
0.685	0	8
0.65	0.15	8
0.714	0.275	8
0.768	0.425	8
0.814	0.5	8
0.894	0.575	8
0.962	0.715	8
1.02	0.85	8
1.029	1	8
1.018	1.15	8
1.049	1.3	8
1.049	1.425	8
1.03	1.575	8
1.06	1.7	8
1.044	-1.7	9
1.045	-1.575	9
1.031	-1.425	9
1.033	-1.3	9
1.041	-1.15	9
1.031	-1	9
1.001	-0.85	9
0.966	-0.715	9
0.902	-0.575	9
0.883	-0.5	9
0.833	-0.425	9
0.792	-0.275	9
0.746	-0.15	9
0.711	0	9
0.73	0.15	9
0.747	0.275	9
0.801	0.425	9
0.823	0.5	9
0.897	0.575	9
0.95	0.715	9
1.001	0.85	9
1.014	1	9
1.026	1.15	9
1.052	1.3	9
1.048	1.425	9
1.037	1.575	9
1.049	1.7	9
1.038	-1.7	10
1.034	-1.575	10
1.037	-1.425	10
1.039	-1.3	10
1.042	-1.15	10
1.035	-1	10
1.008	-0.85	10
0.943	-0.715	10
0.91	-0.575	10
0.888	-0.5	10
0.848	-0.425	10
0.816	-0.275	10
0.801	-0.15	10
0.763	0	10
0.764	0.15	10
0.77	0.275	10
0.828	0.425	10
0.843	0.5	10
0.905	0.575	10
0.952	0.715	10
1.003	0.85	10
1.013	1	10
1.026	1.15	10
1.043	1.3	10
1.045	1.425	10
1.042	1.575	10
1.055	1.7	10